0.481 -0.365 -0.797
-0.921 -0.360 -0.147
-0.225 0.974 -0.002
-0.259 0.599 -0.757
-0.376 -0.842 -0.387
0.757 -0.652 0.033
0.619 -0.202 -0.759
-0.814 -0.561 0.153
0.487 -0.605 -0.629
0.524 0.063 0.849
0.926 -0.085 -0.369
0.320 -0.898 -0.302
0.041 -0.890 -0.454
0.718 0.663 0.211
0.472 0.527 0.706
0.930 -0.252 0.266
0.756 0.108 -0.646
0.027 0.391 0.920
0.423 0.899 -0.111
0.306 0.223 -0.926
-0.272 -0.245 0.931
0.673 -0.543 -0.502
0.702 0.594 0.392
-0.479 -0.786 0.391
0.850 -0.167 0.500
0.269 -0.218 -0.938
0.228 0.864 -0.450
0.829 0.025 -0.559
-0.619 -0.588 0.521
0.655 0.753 -0.052
-0.413 -0.687 -0.598
0.420 0.652 -0.631
-0.764 0.263 -0.589
-0.077 0.977 0.197
0.741 0.574 0.348
-0.711 0.319 -0.627
-0.712 -0.067 0.699
0.131 -0.991 0.018
-0.219 0.961 -0.170
0.649 0.420 0.635
-0.270 0.918 -0.289
0.115 0.637 0.762
-0.714 -0.561 -0.418
-0.289 -0.492 -0.821
-0.263 -0.116 -0.958
-0.436 -0.633 -0.640
0.741 0.656 0.142
-0.562 -0.439 0.701
0.917 0.399 0.027
-0.657 -0.660 -0.364
0.464 -0.274 0.842
0.743 0.669 -0.021
-0.735 0.578 0.354
-0.862 -0.507 -0.019
0.308 0.693 -0.652
-0.430 -0.043 -0.902
0.874 -0.089 0.478
0.675 0.147 0.723
0.952 0.153 0.265
-0.548 0.826 -0.131
-0.646 -0.405 0.647
0.646 -0.749 0.147
-0.880 0.441 0.174
-0.996 0.090 -0.015
0.309 -0.077 -0.948
0.025 0.074 -0.997
0.158 -0.249 -0.956
-0.704 0.530 -0.473
0.292 -0.418 -0.860
0.905 -0.318 0.282
-0.390 0.522 -0.759
0.273 0.896 0.349
-0.657 -0.507 -0.558
-0.023 0.187 0.982
-0.283 0.728 -0.624
0.372 -0.844 -0.386
-0.295 -0.943 -0.154
-0.535 -0.666 -0.519
0.927 0.014 0.375
-0.079 -0.120 -0.990
-0.770 -0.594 -0.235
0.411 0.907 0.097
0.128 -0.207 0.970
-0.135 0.986 0.096
-0.774 -0.633 0.024
0.556 -0.824 -0.107
-0.155 0.091 0.984
0.470 0.739 -0.483
0.413 -0.725 -0.551
-0.571 0.308 -0.761
-0.731 0.312 0.607
0.295 0.838 0.459
0.891 -0.454 -0.028
0.237 -0.573 -0.785
0.441 -0.872 0.214
0.623 0.395 -0.675
0.446 0.865 0.231
0.700 0.498 -0.512
0.343 0.101 0.934
0.100 -0.001 0.995
-0.419 -0.549 0.723
0.631 -0.761 0.149
-0.341 -0.837 0.428
0.249 -0.687 0.683
0.681 -0.246 -0.689
-0.336 0.786 -0.518
0.154 0.973 -0.171
-0.358 0.783 0.509
0.855 0.177 -0.487
-0.899 -0.364 -0.243
0.904 -0.143 0.403
-0.708 -0.488 -0.510
0.987 0.060 0.151
-0.218 0.394 -0.893
-0.544 0.462 0.701
-0.506 0.841 0.194
-0.726 0.341 0.597
-0.681 0.720 -0.136
0.477 -0.871 -0.122
0.746 0.656 0.115
-0.358 -0.026 0.933
0.302 0.939 0.161
0.382 0.864 0.328
-0.219 0.419 0.882
0.630 -0.512 0.584
0.341 -0.172 0.924
0.853 -0.409 0.325
-0.976 0.011 0.219
0.106 -0.918 -0.381
0.874 0.462 0.149
0.459 -0.875 -0.157
-0.427 -0.875 -0.227
0.718 -0.112 0.687
-0.509 0.854 -0.108
0.821 -0.038 0.570
-0.228 -0.199 -0.953
0.324 0.361 -0.874
-0.848 0.346 -0.402
-0.759 -0.519 0.393
-0.205 -0.773 -0.600
0.647 0.532 0.547
0.019 -0.355 0.935
-0.071 0.023 -0.997
0.604 0.549 0.578
0.202 -0.979 0.002
-0.203 -0.613 0.764
0.991 0.133 -0.020
0.518 0.789 0.330
0.404 0.212 -0.890
-0.261 0.052 -0.964
-0.893 -0.407 0.192
-0.768 0.558 0.315
-0.038 0.347 -0.937
0.683 -0.572 0.454
0.681 0.203 0.703
0.249 0.025 0.968
-0.233 -0.972 -0.014
-0.898 -0.161 -0.410
0.334 -0.615 0.714
-0.377 0.541 0.752
-0.434 0.415 0.800
-0.613 -0.689 -0.386
0.549 -0.590 -0.592
0.950 0.225 -0.215
0.359 0.888 -0.289
0.555 -0.455 0.697
0.385 -0.833 0.398
0.309 -0.669 -0.676
0.365 0.841 -0.400
-0.797 0.604 0.023
-0.722 0.230 0.653
0.762 -0.304 -0.572
0.666 -0.349 0.659
0.171 -0.130 0.977
-0.578 -0.735 0.355
0.860 0.036 0.510
-0.254 -0.901 -0.352
-0.256 0.516 0.817
-0.993 -0.120 0.001
0.877 0.129 -0.463
-0.380 0.232 -0.895
0.961 0.209 -0.182
0.464 0.056 0.884
-0.910 0.337 -0.239
0.980 -0.194 -0.044
-0.107 0.985 -0.136
0.004 -0.083 0.997
-0.414 0.879 -0.237
0.462 0.790 -0.402
0.928 0.338 -0.157
0.939 0.041 -0.341
0.477 0.277 0.834
0.542 -0.563 0.624
0.377 0.900 0.218
-0.003 -0.517 0.856
0.755 0.096 0.649
-0.946 0.162 0.280
0.023 -0.824 -0.566
-0.493 0.653 0.575
0.252 -0.540 -0.803
-0.049 0.565 -0.823
-0.172 0.551 -0.816
-0.936 0.096 -0.338
0.033 -0.999 -0.030
0.070 -0.638 0.767
0.643 0.052 -0.764
-0.675 -0.020 -0.738
0.212 0.973 -0.087
0.271 -0.351 -0.896
-0.184 0.388 0.903
0.672 -0.641 0.371
-0.121 -0.948 -0.294
0.859 0.400 -0.319
0.296 0.492 0.819
0.148 -0.840 0.523
0.900 -0.433 0.047
0.536 0.599 0.595
0.885 0.300 0.357
-0.827 0.563 0.012
-0.766 0.483 0.424
-0.629 0.595 0.501
0.491 0.791 -0.366
0.702 0.020 0.711
-0.424 0.622 -0.658
-0.649 0.745 0.152
0.651 -0.698 -0.297
0.628 -0.628 0.460
0.785 -0.560 -0.266
-0.206 -0.812 0.546
0.783 0.489 -0.385
-0.214 -0.144 -0.966
0.702 -0.473 -0.532
0.423 -0.273 0.864
-0.576 0.257 0.776
0.246 -0.855 -0.458
0.596 -0.508 0.622
-0.965 0.235 0.120
0.343 0.756 0.557
-0.712 0.576 -0.402
0.722 -0.591 0.359
0.713 -0.127 -0.690
-0.797 -0.317 -0.515
0.037 -0.907 -0.420
0.925 -0.204 -0.322
-0.514 0.850 -0.119
-0.454 -0.802 0.388
-0.508 -0.228 0.831
-0.540 -0.838 0.080
0.089 0.582 0.809
-0.469 0.625 0.625
-0.407 -0.413 -0.815
-0.083 0.925 -0.372
-0.169 -0.387 0.907
0.234 -0.111 0.966
0.388 0.876 -0.286
0.013 0.865 0.502
0.826 0.036 0.563
-0.370 0.719 -0.588
-0.056 -0.613 -0.788
0.695 0.719 0.001
-0.126 0.739 0.662
-0.933 -0.358 -0.029
-0.156 0.968 -0.198
0.670 0.720 -0.181
-0.462 0.790 -0.404
-0.867 -0.069 0.494
0.657 0.698 -0.283
-0.103 -0.419 0.902
-0.623 -0.453 -0.638
0.337 -0.848 0.410
0.268 0.251 -0.930
-0.145 -0.851 0.506
0.131 0.856 0.499
-0.364 0.678 -0.639
-0.105 0.778 0.620
-0.488 -0.651 0.581
0.002 -0.180 0.984
0.911 0.404 -0.078
0.250 -0.724 -0.643
0.164 -0.620 -0.767
-0.073 -0.105 -0.992
0.627 -0.470 -0.621
-0.613 -0.625 0.483
-0.643 -0.091 0.761
-0.488 -0.846 0.216
-0.013 0.801 -0.598
-0.787 -0.611 -0.087
0.220 -0.181 -0.959
-0.997 -0.017 0.076
0.956 0.231 -0.183
0.211 -0.762 -0.612
0.378 -0.646 -0.663
0.673 0.299 0.676
-0.076 0.286 -0.955
0.052 0.764 -0.643
-0.959 0.258 -0.116
0.052 -0.562 -0.826
0.789 -0.511 0.341
-0.240 -0.780 -0.578
-0.981 0.171 -0.091
0.013 -0.917 0.399
-0.874 0.258 0.411
0.965 -0.195 0.176
0.602 0.559 -0.570
-0.419 -0.386 0.822
-0.209 0.704 -0.678
0.933 -0.338 -0.124
-0.011 0.996 0.089
-0.381 -0.909 -0.168
0.755 -0.589 -0.288
0.812 0.562 -0.157
-0.518 -0.114 -0.848
-0.480 -0.634 -0.606
-0.952 -0.305 -0.031
0.270 -0.176 0.947
-0.508 0.063 -0.859
0.977 -0.092 -0.195
0.671 -0.447 0.591
0.898 -0.070 -0.435
0.490 0.214 0.845
0.859 0.511 0.015
-0.142 -0.971 -0.190
-0.148 -0.224 0.963
-0.242 -0.815 -0.527
0.241 -0.222 -0.945
-0.802 0.262 0.536
0.708 -0.684 0.175
0.092 -0.915 0.394
-0.812 -0.172 -0.558
0.018 -0.459 0.888
-0.009 0.194 -0.981
-0.031 -0.804 0.594
-0.517 -0.321 -0.793
0.356 0.685 0.636
-0.543 0.575 0.612
-0.148 -0.652 0.743
0.786 -0.613 -0.072
-0.502 0.861 -0.080
0.044 -0.248 0.968
-0.947 0.136 0.291
-0.949 0.315 0.004
0.867 0.463 0.185
-0.869 0.461 0.179
-0.177 -0.695 -0.697
0.779 -0.333 -0.531
-0.861 0.507 0.046
-0.080 0.136 -0.987
-0.821 -0.124 -0.557
-0.197 0.730 -0.654
-0.106 0.147 -0.983
0.618 -0.098 0.780
0.473 0.692 0.545
0.780 0.619 0.092
0.434 -0.853 0.290
0.072 0.134 -0.988
-0.332 -0.937 -0.110
0.576 0.778 -0.253
-0.919 0.344 0.192
-0.961 -0.100 0.258
-0.176 -0.573 -0.800
-0.048 -0.704 -0.708
0.937 0.350 0.021
0.921 -0.181 0.345
0.892 -0.404 0.203
0.272 0.096 0.957
0.056 -0.028 -0.998
-0.578 -0.790 -0.206
0.709 -0.644 -0.289
0.235 0.313 0.920
-0.251 -0.559 0.791
0.402 -0.757 0.515
0.007 0.100 0.995
-0.090 -0.527 -0.845
-0.313 0.457 0.833
-0.899 0.100 -0.426
0.944 0.328 0.033
0.926 0.370 -0.072
-0.028 0.765 -0.643
-0.982 0.033 -0.185
-0.403 -0.737 0.543
0.003 0.309 0.951
-0.948 -0.297 -0.115
-0.874 -0.406 -0.265
0.966 0.043 0.255
-0.976 -0.192 0.102
0.818 0.524 -0.235
0.225 0.556 -0.800
-0.747 -0.474 -0.467
-0.832 -0.001 0.555
0.006 -0.967 0.255
-0.111 -0.923 -0.368
0.014 0.839 0.544
0.236 0.723 0.650
0.936 -0.221 -0.273
-0.300 -0.683 0.666
0.075 -0.677 -0.732
-0.127 -0.119 -0.985
0.649 0.696 0.307
-0.623 0.463 0.630
-0.341 -0.091 -0.936
-0.508 -0.837 0.203
-0.566 0.637 0.523
-0.537 -0.403 0.741
0.641 0.303 -0.705
0.999 -0.038 -0.017
-0.422 0.526 0.739
0.155 0.953 0.261
-0.740 0.464 -0.487
0.217 -0.150 -0.965
-0.784 0.010 0.621
-0.604 0.746 0.281
-0.111 0.848 0.519
0.701 0.049 0.711
-0.971 0.182 -0.156
-0.974 -0.003 -0.228
-0.012 -0.642 0.767
0.146 -0.969 -0.202
-0.451 0.699 -0.555
0.515 0.078 -0.854
0.287 -0.246 -0.926
0.129 -0.965 -0.230
-0.673 0.713 -0.198
0.889 0.238 -0.390
-0.396 0.357 -0.846
-0.800 0.556 0.228
0.447 -0.891 -0.077
0.798 0.390 -0.460
-0.929 -0.073 -0.363
0.278 0.185 0.943
-0.768 0.613 0.186
-0.383 -0.472 -0.794
-0.448 0.293 -0.844
0.890 -0.084 0.448
-0.722 0.560 0.406
-0.426 -0.835 0.349
-0.113 -0.409 -0.905
0.924 0.073 0.376
-0.408 -0.764 0.500
0.298 -0.844 -0.446
0.183 0.920 0.346
0.737 -0.676 0.008
-0.166 -0.577 0.800
-0.142 0.166 0.976
0.116 0.950 -0.290
-0.742 0.652 0.154
-0.970 0.136 0.200
0.309 0.385 0.870
0.032 0.896 -0.442
-0.556 0.310 0.771
-0.498 0.867 -0.020
0.110 -0.013 0.994
0.959 0.172 -0.227
0.821 -0.569 0.039
0.913 -0.382 -0.144
0.540 -0.633 -0.555
0.353 -0.929 0.113
0.470 0.398 0.788
-0.665 0.592 0.456
-0.824 -0.551 -0.132
-0.418 0.909 0.001
-0.480 0.673 -0.563
-0.244 0.225 0.943
0.561 -0.038 0.827
-0.710 -0.353 -0.609
0.595 0.789 0.153
-0.209 -0.343 -0.916
0.754 0.197 -0.627
0.257 -0.958 0.124
-0.045 -0.898 -0.437
0.986 -0.147 0.077
0.569 0.810 0.140
0.438 -0.737 -0.515
0.799 0.215 0.561
-0.188 -0.979 0.072
-0.440 0.717 -0.540
-0.674 -0.720 0.165
0.347 0.938 0.002
0.888 -0.261 -0.380
0.025 0.312 0.950
0.549 -0.214 -0.808
-0.927 0.364 0.089
0.217 -0.337 0.916
0.099 0.947 -0.306
-0.204 0.450 -0.869
-0.411 -0.196 0.890
-0.175 0.984 -0.031
0.451 -0.876 0.173
0.347 0.299 -0.889
-0.738 -0.492 -0.462
-0.735 0.676 0.061
0.426 -0.881 0.205
-0.258 0.940 -0.223
-0.408 0.913 0.013
0.703 0.557 0.442
0.711 0.703 -0.015
0.043 0.706 0.707
-0.587 -0.058 -0.808
-0.322 0.370 -0.872
-0.534 -0.563 0.631
0.420 -0.082 0.904
